1,41,78,94,32,86,21,22,32,49
2,85
3,36,28,28,93,65,64,73,61
4,22,6,77,82,82,44,9,11,57,95,35,26,44,46,74,54,60,69
5,47,29,37,100,50,65,23,64,83
6,55,17,25,60,55
7,97,58
8,1,100,98,6,78,73,77,19,23,26,90,2,74,32,15,17,93,74,98
9,13,73,96,73,98,23,84,85,76,70
10,3,82,31,46,75,90
11,80,81,36,78,75,12,70,37,74,46
12,47,42,69,16,12,18
13,98,41,34,87,43
14,70,3,22,39,16,92,13,24
15,81,61,74,62,72,56
16,44,93,34,38,9,76
17,8,36,94,57,98,39,98
18,45,21
19,87,25
20,52,32,27,99,89,79,64,59
21,41,11,78,4,67,28,21,99
22,66,36,55,95,91,82,60,38,15,13,16,95,59,19,22,9,77,45,90,39
23,82,51,40,91,38,70,13,43,24,17,18,42,52
24,30,25,25
25,57,14,23,28,50,19,19
26,30,8
27,3,97,65,85,50,93,100,77,41,29,43,95,24,22,57,94,55
28,31,24,71,54
29,5,41,46,79,59,52,54,38,2,97,6,18,26,33
30,100,100,70,5
31,87,55,11,88,30,2,74,55
32,15,62,43,100,27,77,30
33,36,43,2,2
34,3,44,30,60,100,96,32
35,13,32,50,68,37
36,5,33,73,82,5,80,3,67,51,62,92
37,55,44,55,44
38,87,13,25,79,95,45,33,62,49,86
39,85,63,14,85,29,43,33,90,26,14,83,2,26
40,94,91,90,8,36,57,84
41,26
42,91
43,55,24,80,45,8,74,59,80,74,58,71,84
44,55,12,51,97,35
45,52,92,53,88,99,90,30,29
46,16,53,28,31,93
47,5,36,86,78,2,38,61,95
48,95,69,29,45,7,6,35,47
49,55,23,67,95
50,10,20,30,40,50
